================================================================================
全国水资源数据概览 (2000-2024)
================================================================================

数据形状: (25, 8)

列名: ['年份', '总用水量', '人口', 'GDP', '农业用水', '工业用水', '生活用水', '生态用水']

数据基本统计:
                年份       总用水量         人口  ...       工业用水       生活用水       生态用水
count    25.000000  25.000000   25.00000  ...  25.000000  25.000000  25.000000
mean   2012.000000  58.756400  135.17596  ...  12.453400   7.653560   1.606200
std       7.359801   2.359135    4.73502  ...   1.583443   1.046389   1.008968
min    2000.000000  53.204000  126.74300  ...   9.684000   5.749000   0.700000
25%    2006.000000  57.950000  131.44800  ...  11.418000   6.938000   0.930000
50%    2012.000000  59.280000  135.40400  ...  12.770000   7.658000   1.119000
75%    2018.000000  60.402000  139.53800  ...  13.909000   8.599000   2.009000
max    2024.000000  61.834000  141.26000  ...  14.618000   9.268000   3.818000

[8 rows x 8 columns]

缺失值统计:
年份      0
总用水量    0
人口      0
GDP     0
农业用水    0
工业用水    0
生活用水    0
生态用水    0
dtype: int64

数据前10行:
     年份    总用水量       人口       GDP    农业用水    工业用水   生活用水   生态用水
0  2000  54.976  126.743  100.2801  37.835  11.391  5.749  0.700
1  2001  55.674  127.627  110.8631  38.257  11.418  5.999  0.700
2  2002  54.973  128.453  121.7174  37.362  11.424  6.187  0.700
3  2003  53.204  129.227  137.4220  34.328  11.772  6.309  0.795
4  2004  55.478  129.988  161.8402  35.857  12.289  6.512  0.820
5  2005  56.330  130.756  187.3189  35.800  12.852  6.751  0.927
6  2006  57.950  131.448  219.4385  36.644  13.438  6.938  0.930
7  2007  58.187  132.129  270.2323  35.995  14.030  7.104  1.057
8  2008  59.100  132.802  319.5155  36.635  13.971  7.293  1.202
9  2009  59.652  133.450  349.0814  37.231  13.909  7.482  1.030

